3,2
3,1
50,4
50,3
50,2
50,1
50,0
46,4
46,3
46,2
3,3
46,1
46,0
43,4
43,3
43,2
43,1
43,0
40,4
40,3
40,2
40,1
40,0
39,4
39,3
39,2
39,1
39,0
38,5
38,4
10,160
38,3
38,2
10,174
38,1
38,0
35,4
10,274
35,3
35,2
10,232
35,1
35,0
34,3
34,2
34,1
34,0
33,3
10,288
33,2
10,292
10,298
10,304
10,2
10,3
33,1
33,0
32,5
32,4
32,3
32,2
32,1
32,0
31,4
31,3
31,2
11,20
11,8
31,1
31,0
30,4
11,4
30,3
30,2
30,1
30,0
29,3
29,2
9,7
9,2
9,3
8,8
8,9
8,5
8,7
8,10
8,2
8,3
29,1
29,0
28,3
28,2
28,1
28,0
27,5
27,4
27,3
27,1
24,4
24,3
24,1
14,8
12,3
12,2
12,1
20,2
20,1
11,28
11,26
20,3
11,19
19,2
19,1
11,18
11,16
11,13
11,12
